3.8433308948190468
2.900585624980386
-0.8085720225650815
-6.286167686874197
-1.0945340703835094
-4.097779690588476
12.143107292632756
5.793023099025878
-6.272558257436376
-4.446866068358616
-8.190774454714058
2.9519737457308377
10.649898059184812
4.001266266490556
3.191960664880794
-1.4014609181102136
-4.152620237810198
1.5728228661774881
-6.085042483203261
-2.1496445639601944
-5.2755642932928675
4.651672670654505
-7.273097108431203
-2.795697177022014
6.4809058769805805
-4.083634941089525
9.647199554018181
11.659072543894386
-15.373480845294866
-9.24643095194653
5.649026189332437
6.498679513756297
-11.651027914967273
-4.249388383124774
-2.5649076371922943
6.005028309010006
2.7872552289597192
-1.1264519830466055
0.3930625978379459
1.0438205700401688
