-3.937964824241727
3.7189860501709266
-5.872901801103189
6.9635724850422696
7.819968227026502
0.37440777012832854
-6.732677746963685
1.2185321384703673
9.177536434407152
2.217346517480958
-4.1095263823729695
-0.07009954511816992
0.8946698154707452
-3.5700248466514464
6.072963403972272
-10.067808854492165
-11.29329206874532
5.287246506372712
-1.6308542606169196
0.739623130055928
-8.458553277466848
-1.6621695883929366
1.7303267748723772
2.923292351957478
-2.640693583119463
6.824110063711753
0.34175675603430217
-0.4499833741247229
-1.4800166890277169
-0.8895244371657365
-2.9439342103014816
-4.364037837313142
-4.399529678000366
-1.439600294436551
-6.671981571607125
6.806287826779768
-6.84100971909764
-7.39572765167199
-5.566325857442993
-1.9301193893135389
