0.474329574532
-10.8139519864
5.13854676266
2.79685701674
4.88372703389
3.61997794314
-3.4561182822
2.51882925849
4.65076844876
1.95479182925
0.584433664003
16.5628330062
-16.0479290873
10.3203294781
-8.23503696461
3.15370167851
12.159563239
6.34704200089
-12.5944426121
-1.51881039373
7.43830286628
10.0082494075
12.2646765751
7.28985995515
-4.41128659169
9.5878586485
-9.92250031714
-3.13836982439
6.03404602825
-6.89802344543
8.834166362
-5.30001895332
-1.45783449037
8.82895604904
4.58173595458
-3.24069676769
5.50825236193
14.7607816202
2.72986892052
-2.66066225268
0.209245542076
13.9298919005
10.0063648355
-2.26027086429
2.72376682819
23.4058544055
4.64397754404
-5.08751975701
-7.75658528295
8.57953786626
7.84415908188
-1.75118339306
4.46068284729
-0.057339430489
-11.3177331821
-5.878407921
-11.031843159
-9.7999767639
3.27125887305
2.27762813099
-2.7815305436
5.0384863338
3.00266359054
-3.55915114292
-3.793012728
-3.93439895577
16.3766550944
4.67194217496
5.97504591438
0.920196495848
4.09069220815
2.08031714539
4.82610972024
0.702715505993
-2.86560176952
-0.973789906978
-1.50356161335
-0.288975511244
-3.62435649476
4.19734673992
