-1.0795710626
-13.2152250846
8.74729566305
-3.12732773891
-2.14929688777
2.93010257664
1.23662809073
4.00599913606
-7.32983749766
0.505776584422
-9.0255470073
-0.962013066817
2.38275881935
7.21364677109
-1.7726753291
9.21373635345
-9.85573883568
4.17867135754
-3.40337206605
-2.77163158717
0.315446391786
3.6830253097
4.67326799261
5.83055250366
-14.0988012034
-4.36227178065
-5.25355947932
-0.663407221463
3.97504502104
10.3783843966
3.93393928699
-0.877079386621
-3.77367957237
-3.99114911207
5.73712275289
-11.4333134747
-8.9635987365
-7.61266158753
-6.1834050293
-2.25842467855
10.4878005989
1.40284772013
-4.32322708267
0.390455158931
0.460062179939
6.14601024458
3.72890308736
2.99904758848
1.49324098171
4.75932245466
0.375078255033
-3.34894507488
3.4708092262
5.29060318203
-2.88513396193
3.44024806929
8.82842436641
-2.56019563895
-4.74940469382
-13.9939079938
-1.44915941464
-2.05144646946
12.2078199677
4.92644817488
0.691863232619
-6.52735147848
1.84144718958
-2.76077814274
12.7505691124
-1.28348928597
1.42271552631
-15.1584470377
-2.69316199741
0.680467243047
0.298738189961
-0.0440659181305
-2.29570028715
0.852565065711
-1.94319342707
0.790108248983
