-4.2092165738
11.9600887209
7.4628959007
8.34781714096
-12.3701973526
-2.43535962528
-0.184558989497
0.0501333762858
-7.92867171502
-7.4542336825
-0.112024723097
-3.61314003935
8.35863392842
11.6630891517
7.51760613832
11.1360269887
-4.94393552305
9.26843077538
9.26393399998
5.6654937513
0.870274657795
6.60575397556
-4.84336561991
-7.03051082744
-0.272263226941
4.55503214993
7.56620042209
-9.05751938492
-7.93393767118
4.32780948904
8.68310985555
-5.45427878956
-9.35979438957
-12.753684291
8.69884199088
5.79520434904
5.98692455375
4.57326229411
9.97274215204
-11.2348541552
0.500598830576
-5.93023220003
4.76971273364
-1.71772596086
-10.5212868906
-11.0068879025
0.696713175407
-0.148455238234
-4.62703963734
-17.4276299197
-6.63168602721
4.6834238413
7.10069259849
-6.02580023683
-8.04846442826
1.12550218175
-2.07571692637
-4.1436457191
8.10980988752
-5.81650602747
8.16839978568
-4.23614468025
-2.98525445296
-7.71933907167
6.87351265781
5.03736222163
6.4921019351
-4.60549398729
-5.19456042026
-3.4903303193
5.54768339583
15.5574418573
-0.550594699723
2.68762627848
-0.472965737361
3.0281720312
0.116943280312
0.927469105381
2.34656591932
-1.92234465499
