-0.693729783855
-8.31423038773
7.07900267337
-3.16098920972
1.19590416605
8.45198440337
0.778438936807
3.7422418094
-6.37215737039
4.99139296088
2.28698972477
3.65081282895
-2.356605636
5.24909658377
9.19491147637
-3.64879222767
-4.30679931343
7.0536666286
-10.457936321
5.68727394239
-7.37746785844
-7.82352348862
-1.61690485322
2.63681440158
-6.37061717934
-2.42091548944
2.24399751978
7.26608566889
5.98171991137
4.3909169729
-0.16119402112
13.5811501231
2.53100318241
-2.71721797034
-8.98466799111
-8.9481854606
5.65143317611
-1.44243287092
-0.0759226022396
1.06977478617
4.2715098008
0.235343462833
-3.31116383514
-4.84948939052
4.78056228127
-0.644029655592
-7.54889456323
-2.3917811789
11.1482467244
1.5358805781
10.51188144
-8.10907605863
13.8253524771
-5.13480348727
0.427531343754
1.73350040152
-7.07998805609
-11.3669554041
-9.34549170823
3.26811399509
4.37121468561
6.26528311513
-7.11980938888
-1.16558905339
7.78544335021
2.52526654984
0.764798693621
2.98339727436
8.18794930784
-6.95394239944
-7.90184939777
7.50689459335
-1.15767389134
0.637555177832
0.682521095647
-1.70914882057
-1.16092410528
0.296802022144
0.868695214164
1.36993333047
