0.612635050474
2.15597246261
0.080224493766
2.76622759462
1.80437821313
1.0747553665
0.148519996013
-0.76768555626
0.504956834454
1.6326190107
0.686320064801
1.65987978774
0.914227519081
0.799997284692
0.619628252126
-0.426683735987
0.0944422948466
1.02024570374
0.178817372748
0.875890335995
0.720673859555
0.8094537088
0.815644577305
0.396110719353
0.0194395439596
0.306276190793
0.0641447190119
0.788127475995
0.3316038201
0.383083780502
0.635020468947
0.247768564091
0.265641575032
0.369321294593
0.116861880027
0.295259556244
0.583471096171
1.0614225494
0.39446996094
0.428084171972
0.607834152489
0.39385464123
0.108961463114
0.722547775812
0.430073078004
0.946368078451
-0.0737486157463
0.473326438909
0.45232263377
0.0577599119531
0.972585680637
0.233693933835
0.0598157560937
0.328592228831
0.135436302683
0.730966745833
-0.0252360830658
0.254687375271
0.249543248875
0.857726155325
0.243146141983
0.0747821456983
-0.137996170963
0.0457579486313
0.155601274002
-0.558480215261
0.860532512769
-0.303936751607
-0.384055594554
-0.087850967489
0.266005198698
0.697925707413
-0.0713782590861
-0.23563342159
0.606300319412
0.913506231595
0.595293501229
0.374260422094
0.268778492829
0.833888943365
