0.4131260532313039
0.10849899552550578
0.23844881510514832
-0.7151002730717703
0.010833833894570112
0.5077058114153629
-0.573427955960496
-0.8903492582174405
-1.5680467568227474
-0.7228377986651893
1.0145910996564005
0.19467206495119918
1.0840631670312522
0.4416743609464375
0.15574169676381655
1.8300937942215787
-0.26544599662093876
-0.3855479024241393
-0.6487506743387748
-0.7657395968728606
1.3920649991245735
-0.1395526767998279
0.03514388233321512
-0.7265233563448475
-0.26017831254396473
0.789434909209341
-0.07062563765368798
-0.3499534295568443
-0.3641923130303832
-0.36959209940343
1.0537910880015846
-0.07448426880871911
1.4501595923899102
-0.5108498777381587
0.3531029035622797
1.402566249669126
0.8612910791197738
1.8922760353215942
0.4124269938838451
0.8829902819006754
