-4.065774541133922
-0.4471745289049129
7.816975123628214
0.21188913018721223
0.4104499285721386
6.328556082360506
-2.314154400981528
11.77880435422034
-11.918475725820183
-8.639913691285583
2.3013831530182562
8.427192432208793
-2.7828109939114607
-3.7009432568449374
-5.444253669093311
0.7438211279979003
1.4934633323151265
-1.6099814177596594
-0.2751201088214178
1.1238114560389696
4.370747633887743
0.786740460029163
-4.16393567165536
3.055868676249153
6.178415758470876
1.4281922941933987
-3.3696782075285454
-2.209121926686401
-8.126945978063047
1.1058730297625847
4.688736835902092
3.9153747710551605
3.968447840522008
0.9314110762862495
2.8347151220161004
-11.282958003100545
-2.478197123717152
7.161744074586059
-0.8339189211490808
3.0728918866550647
