-0.7467567320246681
8.895948330766675
2.7824550541161015
-0.9511800531578393
-0.962822445013714
5.923068832954595
1.3977753652631253
4.96919520738246
-4.0390669776845955
-1.55086104945084
-1.060470946682517
7.713123159509814
2.8278401795742405
-6.000639619133527
-6.599086108164588
-5.1155473819849275
-6.824295365285584
-1.157756476034665
0.2079989715198212
-3.5606614976769255
-8.860024622553805
-2.998975924696389
5.414411343283105
10.187146596567736
-3.23856514582894
-4.341319268709364
1.1877860783704761
-4.097485337289898
0.34148250438050665
-0.6858579465652404
7.245973698501789
6.179432851195277
3.177668057381444
-3.7194858665138386
-6.835030397667829
4.968659090709676
1.9842708212614752
2.718736315767808
6.905834663816665
-1.6016730444427452
